0 62424
62424 120662
183086 116052
299138 44337
343475 90609
434084 104953
539037 77476
616513 93079
709592 120132
829724 96095
925819 100055
1025874 81289
1107163 153550
1260713 157444
1418157 76579
1494736 91014
1585750 103197
1688947 91721
1780668 156447
1937115 79965
2017080 83193
2100273 57137
2157410 102824
2260234 122892
2383126 9124
2392250 87867
2480117 101183
2581300 125178
2706478 109319
2815797 94383
2910180 79533
2989713 125237
3114950 91514
3206464 81983
3288447 114181
3402628 125229
3527857 54037
3581894 79645
3661539 91287
3752826 122544
3875370 126365
4001735 105319
4107054 95219
4202273 79059
4281332 95617
4376949 86664
4463613 101551
4565164 92030
4657194 130710
4787904 114360
4902264 80040
4982304 64993
5047297 129092
5176389 102775
5279164 71101
5350265 42194
5392459 127861
5520320 81818
5602138 92207
5694345 160046
5854391 138023
5992414 75080
6067494 136474
6203968 86099
6290067 102875
6392942 80413
6473355 107233
6580588 35148
6615736 82603
6698339 101135
6799474 121848
6921322 86570
7007892 130047
7137939 119368
7257307 79220
7336527 84323
7420850 114917
7535767 72928
7608695 106212
7714907 76376
7791283 92760
7884043 136230
8020273 105731
8126004 94619
8220623 137628
8358251 159376
8517627 109924
8627551 94619
8722170 84354
8806524 129524
8936048 96391
9032439 83643
9116082 131823
9247905 99454
9347359 85892
9433251 140341
9573592 116237
9689829 65637
9755466 102703
9858169 115591
9973760 85136
10058896 101118
10160014 125052
10285066 115616
10400682 91546
10492228 160514
10652742 135361
10788103 14449
10802552 87761
10890313 128015
11018328 92314
11110642 97515
11208157 103030
11311187 86593
11397780 76433
11474213 85867
11560080 107409
11667489 76595
11744084 126990
11871074 110117
11981191 117594
12098785 142011
12240796 130530
12371326 87478
12458804 100039
12558843 80587
12639430 121581
12761011 96587
12857598 101207
12958805 76219
13035024 113579
13148603 100043
13248646 95080
13343726 115241
13458967 110588
13569555 93705
13663260 156728
13819988 74961
13894949 115325
14010274 78980
14089254 100499
14189753 117479
14307232 78137
14385369 99173
14484542 93106
14577648 127255
14704903 69901
14774804 133058
14907862 126199
15034061 132114
15166175 81704
15247879 144231
15392110 127145
15519255 78730
15597985 70260
15668245 87655
15755900 80170
15836070 139440
15975510 114066
16089576 121193
16210769 115177
16325946 105359
16431305 114001
16545306 106370
16651676 135392
16787068 88731
16875799 124610
17000409 142011
17142420 117524
17259944 139628
17399572 65561
17465133 108992
17574125 103101
17677226 79879
17757105 122217
17879322 139778
18019100 135899
18154999 90870
18245869 91761
18337630 87783
18425413 104761
18530174 118558
18648732 88495
18737227 150296
18887523 75241
18962764 13950
18976714 90614
19067328 114175
19181503 88805
19270308 96719
19367027 150477
19517504 131120
19648624 105399
19754023 118564
19872587 121094
19993681 92264
20085945 52161
20138106 138027
20276133 125967
20402100 83561
20485661 91808
20577469 75302
20652771 102317
20755088 137397
20892485 98408
20990893 103164
21094057 100697
21194754 105139
21299893 72890
21372783 106485
21479268 103778
21583046 111471
21694517 138996
21833513 112618
21946131 147646
22093777 131151
22224928 112019
22336947 149791
22486738 70744
22557482 84821
22642303 79496
22721799 114535
22836334 102472
22938806 86747
23025553 77906
23103459 83312
23186771 89690
23276461 136247
23412708 103699
23516407 71967
23588374 126142
23714516 79345
23793861 121036
23914897 92033
24006930 29437
24036367 89377
24125744 111578
24237322 133920
24371242 70114
24441356 72827
24514183 134914
24649097 91804
24740901 71905
24812806 72634
24885440 85620
24971060 113169
25084229 160570
25244799 81136
25325935 129787
25455722 88245
25543967 89150
25633117 96015
25729132 89537
25818669 110473
25929142 78921
26008063 89094
26097157 93228
26190385 147953
26338338 127635
26465973 92898
26558871 97924
26656795 134710
26791505 155952
26947457 80938
27028395 98630
27127025 99630
27226655 95339
27321994 110513
27432507 77454
27509961 77736
27587697 95140
27682837 133609
27816446 141226
27957672 69560
28027232 79453
28106685 96067
28202752 80410
28283162 108115
28391277 84608
28475885 45733
28521618 91895
28613513 102495
28716008 136555
28852563 60558
28913121 79804
28992925 141161
29134086 96076
29230162 121650
29351812 119514
29471326 91478
29562804 114925
29677729 103809
29781538 132047
29913585 140090
30053675 108911
30162586 96312
30258898 87169
30346067 104712
30450779 87173
30537952 84879
30622831 122939
30745770 75939
30821709 104215
30925924 142226
31068150 144790
31212940 101842
31314782 78975
31393757 115984
31509741 113634
31623375 69124
31692499 138015
31830514 119487
31950001 62460
32012461 79143
32091604 119966
32211570 92888
32304458 117139
32421597 131808
32553405 120384
32673789 99024
32772813 122886
32895699 84096
32979795 14009
32993804 93394
33087198 78498
33165696 132635
33298331 88613
33386944 114103
33501047 38236
33539283 87432
33626715 128171
33754886 83247
33838133 77910
33916043 98934
34014977 95492
34110469 90414
34200883 64833
34265716 123672
34389388 87110
34476498 115757
34592255 163910
34756165 74072
34830237 88239
34918476 127964
35046440 111062
35157502 76703
35234205 74978
35309183 136625
35445808 90272
35536080 142444
35678524 129179
35807703 157655
35965358 118631
36083989 105288
36189277 75701
36264978 103325
36368303 151585
36519888 89911
36609799 105807
36715606 92129
36807735 80633
36888368 157040
37045408 77044
37122452 130622
37253074 113420
37366494 134790
37501284 83948
37585232 93030
37678262 121520
37799782 127928
37927710 69841
37997551 144193
38141744 82178
38223922 89673
38313595 52772
38366367 92176
38458543 92524
38551067 84024
38635091 92417
38727508 106047
38833555 78674
38912229 61699
38973928 158848
39132776 99142
39231918 122527
39354445 148065
39502510 93698
39596208 80730
39676938 6523
39683461 97416
39780877 145969
39926846 64851
39991697 111083
40102780 58394
40161174 121121
40282295 91553
40373848 111838
40485686 94342
40580028 89997
40670025 124894
40794919 108674
40903593 110930
41014523 116707
41131230 74090
41205320 64747
41270067 84946
41355013 92169
41447182 77367
41524549 114276
41638825 101554
41740379 75679
41816058 83498
41899556 95098
41994654 83978
42078632 94681
42173313 107516
42280829 97412
42378241 102603
42480844 128875
42609719 152184
42761903 5018
42766921 80234
42847155 110016
42957171 87515
43044686 977
43045663 123695
43169358 80779
43250137 129886
43380023 110023
43490046 120400
43610446 90861
43701307 96563
43797870 74660
43872530 77654
43950184 101376
44051560 133622
44185182 138199
44323381 97109
44420490 119556
44540046 80457
44620503 92501
44713004 138993
44851997 122467
44974464 117804
45092268 93635
45185903 86057
45271960 140089
45412049 68576
45480625 92931
45573556 140665
45714221 122891
45837112 115414
45952526 81935
46034461 125072
46159533 79037
46238570 101412
46339982 105073
46445055 81992
46527047 137543
46664590 65878
46730468 77780
46808248 52829
46861077 89010
46950087 88455
47038542 51687
47090229 85088
47175317 136605
47311922 82163
47394085 131598
47525683 92190
47617873 101066
47718939 105151
47824090 128612
47952702 80975
48033677 126539
48160216 145207
48305423 82750
48388173 94230
48482403 52094
48534497 73802
48608299 103142
48711441 91715
48803156 154038
48957194 88453
49045647 84649
49130296 77703
49207999 94262
49302261 78895
49381156 112864
49494020 90537
49584557 119191
49703748 81123
49784871 92549
49877420 100245
49977665 85571
50063236 105265
50168501 98435
50266936 77700
50344636 79227
50423863 79670
50503533 135586
50639119 107403
50746522 134167
50880689 98377
50979066 108053
51087119 96623
51183742 100562
51284304 130201
51414505 101421
51515926 145270
51661196 118562
51779758 104102
51883860 105417
51989277 83463
52072740 55458
52128198 108160
52236358 123488
52359846 113313
52473159 80596
52553755 105501
52659256 98378
52757634 78886
52836520 133327
52969847 121495
53091342 9710
53101052 130490
53231542 73655
53305197 83841
53389038 82290
53471328 105050
53576378 131204
53707582 69127
53776709 120072
53896781 72444
53969225 109533
54078758 71395
54150153 93121
54243274 118651
54361925 135069
54496994 43227
54540221 81285
54621506 98682
54720188 101181
54821369 112316
54933685 77958
55011643 84094
55095737 78720
55174457 63016
55237473 137078
55374551 77126
55451677 119239
55570916 113025
55683941 77232
55761173 99754
55860927 107210
55968137 85448
56053585 114309
56167894 105915
56273809 88749
56362558 84467
56447025 78354
56525379 115663
56641042 119194
56760236 100373
56860609 128927
56989536 121339
57110875 142780
57253655 113577
57367232 86519
57453751 92965
57546716 54920
57601636 76650
57678286 121285
57799571 113519
57913090 119764
58032854 90035
58122889 84389
58207278 105225
58312503 95180
58407683 151527
58559210 133691
58692901 77399
58770300 124686
58894986 69995
58964981 93694
59058675 83746
59142421 119632
59262053 88785
59350838 137865
59488703 102344
59591047 108787
59699834 99799
59799633 82506
59882139 96676
59978815 138720
60117535 101833
60219368 83046
60302414 41842
60344256 68741
60412997 72540
60485537 88160
60573697 136721
60710418 140467
60850885 115358
60966243 136040
61102283 95492
61197775 106924
61304699 80210
61384909 111062
61495971 83039
61579010 96390
61675400 143085
61818485 91723
61910208 134591
62044799 82421
62127220 88647
62215867 89308
62305175 121501
62426676 91203
62517879 76094
62593973 122594
62716567 114524
62831091 80867
62911958 93094
63005052 86921
63091973 104750
63196723 71491
63268214 120946
63389160 124776
63513936 165308
63679244 90241
63769485 92665
63862150 105778
63967928 82838
64050766 92922
64143688 72150
64215838 128047
64343885 106054
64449939 102652
64552591 121356
64673947 68808
64742755 131568
64874323 112569
64986892 98332
65085224 71662
65156886 127395
65284281 87687
65371968 97603
65469571 93007
65562578 120602
65683180 77287
65760467 119858
65880325 80305
65960630 106273
66066903 98152
66165055 100052
66265107 97363
66362470 75983
66438453 126205
66564658 95449
66660107 110383
66770490 139930
66910420 118614
67029034 108942
67137976 117514
67255490 148053
67403543 93694
67497237 54168
67551405 100698
67652103 62076
67714179 96100
67810279 128098
67938377 136282
68074659 73271
68147930 134316
68282246 92365
68374611 78141
68452752 108680
68561432 127278
68688710 127077
68815787 108660
68924447 132698
69057145 977
69058122 77898
69136020 92045
69228065 137280
69365345 96625
69461970 99711
69561681 124925
69686606 87581
69774187 115214
69889401 73595
69962996 121936
70084932 78835
70163767 137903
70301670 82757
70384427 115563
70499990 74864
70574854 105873
70680727 114126
70794853 102915
70897768 107452
71005220 113861
71119081 96818
71215899 143602
71359501 137488
71496989 22272
71519261 140407
71659668 88510
71748178 57712
71805890 98720
71904610 117623
72022233 130201
72152434 34520
72186954 69589
72256543 117650
72374193 88729
72462922 112272
72575194 85667
72660861 90635
72751496 87577
72839073 77375
72916448 130225
73046673 95640
73142313 82512
73224825 126127
73350952 35847
73386799 52304
73439103 96157
73535260 79627
73614887 130554
73745441 143666
73889107 98624
73987731 114543
74102274 101073
74203347 68482
74271829 89469
74361298 136893
74498191 121990
74620181 116929
74737110 91623
74828733 73001
74901734 79405
74981139 87809
75068948 135237
75204185 125347
75329532 78385
75407917 55600
75463517 87583
75551100 2047
75553147 90405
75643552 111371
75754923 128173
75883096 134714
76017810 125779
76143589 106546
76250135 66180
76316315 102673
76418988 100945
76519933 114874
76634807 84842
76719649 79865
76799514 977
76800491 81197
76881688 100373
76982061 107476
77089537 99381
77188918 89006
77277924 98576
77376500 129905
77506405 99938
77606343 131261
77737604 114741
77852345 78130
77930475 81200
78011675 78363
78090038 77272
78167310 66920
78234230 130166
78364396 159580
78523976 85098
78609074 84809
78693883 90430
78784313 111580
78895893 88849
78984742 129911
79114653 128081
79242734 86201
79328935 114526
79443461 157986
79601447 146483
79747930 117648
79865578 76199
79941777 95504
80037281 144830
80182111 114769
80296880 104867
80401747 111509
80513256 117832
80631088 92152
80723240 76420
80799660 65233
80864893 91153
80956046 83358
81039404 97842
81137246 74246
81211492 97722
81309214 113207
81422421 96566
81518987 106234
81625221 96494
81721715 137486
81859201 128717
81987918 103300
82091218 112194
82203412 127679
82331091 81957
82413048 83787
82496835 6152
82502987 88564
82591551 81660
82673211 149855
82823066 87847
82910913 82509
82993422 89615
83083037 143430
83226467 103940
83330407 130337
83460744 104726
83565470 73260
83638730 113040
83751770 125206
83876976 119476
83996452 86928
84083380 142857
84226237 85069
84311306 76187
84387493 88918
84476411 104928
84581339 88311
84669650 94548
84764198 100682
84864880 75346
84940226 62006
85002232 137720
85139952 109922
85249874 93614
85343488 139096
85482584 133084
85615668 94992
85710660 977
85711637 132556
85844193 79521
85923714 111533
86035247 128132
86163379 26355
86189734 121181
86310915 88432
86399347 74019
86473366 117953
86591319 107379
86698698 90847
86789545 107426
86896971 128389
87025360 70676
87096036 95519
87191555 101730
87293285 101619
87394904 33177
87428081 76904
87504985 71199
87576184 108008
87684192 87691
87771883 77375
87849258 81456
87930714 128782
88059496 82888
88142384 142973
88285357 128234
88413591 111691
88525282 79367
88604649 158740
88763389 79348
88842737 118498
88961235 130466
89091701 57386
89149087 43459
89192546 91829
89284375 40472
89324847 52619
89377466 131090
89508556 132623
89641179 112211
89753390 73352
89826742 54821
89881563 96132
89977695 78901
90056596 108257
90164853 73500
90238353 83780
90322133 81181
90403314 66372
90469686 124892
90594578 71569
90666147 22348
90688495 77237
90765732 97721
90863453 130467
90993920 112460
91106380 149516
91255896 85499
91341395 77884
91419279 68618
91487897 124597
91612494 139937
91752431 85924
91838355 101526
91939881 111195
92051076 74928
92126004 95056
92221060 118314
92339374 83385
92422759 99498
92522257 128252
92650509 139011
92789520 87117
92876637 130030
93006667 100885
93107552 122229
93229781 84261
93314042 106971
93421013 111819
93532832 29277
93562109 92374
93654483 87536
93742019 92836
93834855 103340
93938195 88121
94026316 104110
94130426 115315
94245741 86127
94331868 143758
94475626 114195
94589821 89932
94679753 104624
94784377 99610
94883987 71274
94955261 87203
95042464 115734
95158198 123390
95281588 145140
95426728 145120
95571848 122760
95694608 73029
95767637 79596
95847233 89176
95936409 150549
96086958 130208
96217166 103906
96321072 114193
96435265 85778
96521043 129906
96650949 132305
96783254 96448
96879702 140599
97020301 76565
97096866 136494
97233360 135434
97368794 79640
97448434 112971
97561405 98918
97660323 128610
97788933 94378
97883311 111361
97994672 103314
98097986 24541
98122527 103627
98226154 128616
98354770 156477
98511247 91341
98602588 84869
98687457 104907
98792364 118449
98910813 124659
99035472 82340
99117812 136239
99254051 108549
99362600 130645
99493245 145002
99638247 98011
99736258 83516
99819774 95700
99915474 121404
100036878 123178
100160056 104894
100264950 138647
100403597 88016
100491613 76157
100567770 122347
100690117 95968
100786085 141491
100927576 103270
101030846 82554
101113400 116682
101230082 97681
101327763 106949
101434712 96087
101530799 83466
101614265 116656
101730921 83489
101814410 153488
101967898 99560
102067458 977
102068435 84174
102152609 135170
102287779 57877
102345656 83057
102428713 79095
102507808 142200
102650008 78624
102728632 112679
102841311 88629
102929940 81033
103010973 102883
103113856 59272
103173128 118002
103291130 119968
103411098 108418
103519516 97675
103617191 98700
103715891 126758
103842649 106642
103949291 97544
104046835 90628
104137463 160893
104298356 143255
104441611 119467
104561078 102683
104663761 138644
104802405 95189
104897594 112456
105010050 108828
105118878 83988
105202866 94849
105297715 90802
105388517 96169
105484686 95329
105580015 88378
105668393 132860
105801253 89228
105890481 91115
105981596 77290
106058886 70737
106129623 75168
106204791 108760
106313551 76225
106389776 107478
106497254 93351
106590605 82475
106673080 137204
106810284 69344
106879628 91489
106971117 110891
107082008 76023
107158031 95381
107253412 121791
107375203 99158
107474361 112583
107586944 141161
107728105 92495
107820600 104859
107925459 70113
107995572 92198
108087770 145618
108233388 107842
108341230 147007
108488237 105099
108593336 124719
108718055 122752
108840807 34809
108875616 96955
108972571 67106
109039677 106078
109145755 103868
109249623 139519
109389142 116863
109506005 112126
109618131 104941
109723072 130596
109853668 112263
109965931 88325
110054256 79442
110133698 29701
110163399 87129
110250528 88711
110339239 85306
110424545 132414
110556959 116938
110673897 93207
110767104 124586
110891690 86753
110978443 125377
111103820 88848
111192668 91621
111284289 136114
111420403 131655
111552058 74293
111626351 101697
111728048 82466
111810514 146991
111957505 93586
112051091 92843
112143934 78779
112222713 111405
112334118 89669
112423787 94119
112517906 89153
112607059 116006
112723065 82817
112805882 12634
112818516 134576
112953092 126893
113079985 108704
113188689 134567
113323256 111776
113435032 71161
113506193 113354
113619547 105922
113725469 87057
113812526 75077
113887603 100339
113987942 98728
114086670 100735
114187405 87306
114274711 10556
114285267 85108
114370375 54851
114425226 97240
114522466 82112
114604578 128925
114733503 79089
114812592 85212
114897804 81226
114979030 77913
115056943 141676
115198619 99765
115298384 100929
115399313 90428
115489741 122622
115612363 89716
115702079 79244
115781323 17108
115798431 77022
115875453 87260
115962713 109211
116071924 97127
116169051 117842
116286893 86911
116373804 135850
116509654 98194
116607848 83911
116691759 105408
116797167 120515
116917682 139752
117057434 23783
117081217 40804
117122021 127463
117249484 99065
117348549 59985
117408534 91933
117500467 86461
117586928 76210
117663138 129722
117792860 104640
117897500 101167
117998667 91845
118090512 127414
118217926 93831
118311757 101452
118413209 101012
118514221 104818
118619039 146082
118765121 133790
118898911 94582
118993493 87615
119081108 104996
119186104 143502
119329606 32566
119362172 100806
119462978 98086
119561064 142561
119703625 99223
119802848 110051
119912899 90215
120003114 73532
120076646 131216
120207862 130000
120337862 93567
120431429 104479
120535908 88035
120623943 113466
120737409 141837
120879246 111375
120990621 104913
121095534 101556
121197090 126082
121323172 102685
121425857 43377
121469234 88283
121557517 94770
121652287 130520
121782807 88944
121871751 130190
122001941 77879
122079820 91527
122171347 90167
122261514 136423
122397937 78679
122476616 125003
122601619 57174
122658793 88618
122747411 81017
122828428 105266
122933694 82872
123016566 132789
123149355 140703
123290058 95192
123385250 112627
123497877 85558
123583435 109282
123692717 89598
123782315 90905
123873220 124389
123997609 135329
124132938 96122
124229060 80443
124309503 68899
124378402 140085
124518487 157050
124675537 94412
124769949 81204
124851153 95473
124946626 141563
125088189 100078
125188267 90150
125278417 104697
125383114 108418
125491532 135119
125626651 101646
125728297 101484
125829781 130021
125959802 105451
126065253 71337
126136590 147193
126283783 133700
126417483 92151
126509634 109082
126618716 119655
126738371 129067
126867438 20559
126887997 91735
126979732 131403
127111135 130077
127241212 114977
127356189 76423
127432612 104395
127537007 127774
127664781 83369
127748150 92500
127840650 79856
127920506 110996
128031502 76661
128108163 122647
128230810 83389
128314199 140262
128454461 93530
128547991 104979
128652970 154579
128807549 92709
128900258 111140
129011398 130375
129141773 114765
129256538 72387
129328925 89325
129418250 126202
129544452 95666
129640118 95200
129735318 94677
129829995 77721
129907716 92852
130000568 112081
130112649 114521
130227170 110577
130337747 113171
130450918 75441
130526359 116094
130642453 72999
130715452 82516
130797968 121679
130919647 86789
131006436 96229
131102665 134896
131237561 97235
131334796 108614
131443410 88270
131531680 82684
131614364 108694
131723058 115129
131838187 20825
131859012 107890
131966902 82221
132049123 57154
132106277 127871
132234148 116236
132350384 94543
132444927 977
132445904 69541
132515445 109871
132625316 68527
132693843 123872
132817715 112403
132930118 114154
133044272 122465
133166737 16100
133182837 117759
133300596 141370
133441966 109630
133551596 108868
133660464 92264
133752728 102346
133855074 106243
133961317 99255
134060572 97022
134157594 102345
134259939 76443
134336382 105546
134441928 76688
134518616 125023
134643639 66713
134710352 83351
134793703 94638
134888341 115757
135004098 98910
135103008 86877
135189885 125436
135315321 108882
135424203 72874
135497077 154136
135651213 138745
135789958 112370
135902328 129578
136031906 96757
136128663 74990
136203653 92358
136296011 96441
136392452 88991
136481443 71265
136552708 121787
136674495 92400
136766895 91012
136857907 94858
136952765 142503
137095268 140487
137235755 98215
137333970 81523
137415493 85260
137500753 102586
137603339 83486
137686825 118971
137805796 80019
137885815 101126
137986941 95044
138081985 106922
138188907 76378
138265285 65341
138330626 78009
138408635 76186
138484821 90799
138575620 96140
138671760 102478
138774238 132789
138907027 68347
138975374 117921
139093295 98061
139191356 46142
139237498 112290
139349788 104808
139454596 87159
139541755 74425
139616180 8912
139625092 135397
139760489 72625
139833114 103645
139936759 147911
140084670 98796
140183466 126899
140310365 126467
140436832 30646
140467478 67328
140534806 67043
140601849 8300
140610149 121641
140731790 167493
140899283 144268
141043551 75936
141119487 102134
141221621 85838
141307459 140249
141447708 82297
141530005 104253
141634258 78218
141712476 95687
141808163 100247
141908410 93187
142001597 135929
142137526 88428
142225954 99317
142325271 76473
142401744 67815
142469559 94568
142564127 141141
142705268 88828
142794096 72956
142867052 92476
142959528 83964
143043492 84975
143128467 72875
143201342 82220
143283562 146865
143430427 112065
143542492 96055
143638547 98843
143737390 69808
143807198 108458
143915656 83573
143999229 123754
144122983 98228
144221211 40706
144261917 114643
144376560 123314
144499874 92400
144592274 100795
144693069 82212
144775281 106507
144881788 104655
144986443 126642
145113085 126692
145239777 90244
145330021 98857
145428878 70318
145499196 85701
145584897 106516
145691413 123753
145815166 102113
145917279 83253
146000532 69767
146070299 83023
146153322 112018
146265340 124158
146389498 101628
146491126 127172
146618298 96884
146715182 67868
146783050 83804
146866854 135769
147002623 131001
147133624 102205
147235829 79502
147315331 77750
147393081 129850
147522931 102678
147625609 131406
147757015 89777
147846792 110631
147957423 86787
148044210 121691
148165901 89946
148255847 99993
148355840 100906
148456746 74311
148531057 127308
148658365 136919
148795284 81196
148876480 74591
148951071 107365
149058436 79044
149137480 124503
149261983 108103
149370086 85843
149455929 41760
149497689 28837
149526526 133024
149659550 96122
149755672 102494
149858166 91322
149949488 99942
150049430 115250
150164680 104137
150268817 134524
150403341 82242
150485583 95907
150581490 137097
150718587 88020
150806607 123016
150929623 87206
151016829 72856
151089685 120687
151210372 100603
151310975 139433
151450408 82867
151533275 98865
151632140 90501
151722641 84571
151807212 120061
151927273 140399
152067672 52867
152120539 119413
152239952 66786
152306738 97618
152404356 81311
152485667 86981
152572648 112849
152685497 73764
152759261 112435
152871696 134911
153006607 46343
153052950 83588
153136538 76791
153213329 128043
153341372 165050
153506422 110755
153617177 93688
153710865 30511
153741376 129099
153870475 135804
154006279 68627
154074906 94565
154169471 143745
154313216 98073
154411289 131452
154542741 75543
154618284 102752
154721036 67664
154788700 107941
154896641 123605
155020246 64705
155084951 79143
155164094 81622
155245716 80173
155325889 101746
155427635 59977
155487612 76087
155563699 98399
155662098 99782
155761880 106919
155868799 130043
155998842 131875
156130717 120098
156250815 108943
156359758 72427
156432185 108554
156540739 86581
156627320 97652
156724972 110378
156835350 144175
156979525 111029
157090554 72617
157163171 155365
157318536 145072
157463608 81836
157545444 96677
157642121 160598
157802719 122088
157924807 104584
158029391 106678
158136069 127955
158264024 84044
158348068 101571
158449639 89953
158539592 77880
158617472 87792
158705264 138136
158843400 111686
158955086 93014
159048100 83950
159132050 84485
159216535 94843
159311378 75304
159386682 91763
159478445 122979
159601424 111184
159712608 92914
159805522 82324
159887846 121466
160009312 92498
160101810 132265
160234075 105609
160339684 130432
160470116 103037
160573153 125387
160698540 109578
160808118 128169
160936287 81592
161017879 125138
161143017 88704
161231721 102215
161333936 108082
161442018 99508
161541526 97308
161638834 108274
161747108 147249
161894357 77177
161971534 83779
162055313 78822
162134135 77954
162212089 83421
162295510 87822
162383332 100744
162484076 78490
162562566 87959
162650525 111332
162761857 106818
162868675 79058
162947733 977
162948710 95690
163044400 158741
163203141 111088
163314229 54900
163369129 103385
163472514 63001
163535515 95180
163630695 97475
163728170 112982
163841152 84139
163925291 113712
164039003 88042
164127045 154032
164281077 85111
164366188 146242
164512430 107663
164620093 977
164621070 1048
164622118 120910
164743028 84289
164827317 76847
164904164 95282
164999446 83879
165083325 114078
165197403 79141
165276544 87923
165364467 97383
165461850 92565
165554415 126749
165681164 86569
165767733 72410
165840143 112156
165952299 80969
166033268 142005
166175273 81530
166256803 110191
166366994 140765
166507759 93248
166601007 77311
166678318 146365
166824683 138941
166963624 102788
167066412 148850
167215262 151412
167366674 101268
167467942 106092
167574034 90885
167664919 112038
167776957 78708
167855665 84419
167940084 74404
168014488 74909
168089397 120945
168210342 68122
168278464 132848
168411312 146990
168558302 113687
168671989 71076
168743065 77982
168821047 165480
168986527 114037
169100564 91934
169192498 106228
169298726 92802
169391528 83054
169474582 73841
169548423 71607
169620030 143791
169763821 77960
169841781 113355
169955136 130454
170085590 102359
170187949 96545
170284494 79641
170364135 137539
170501674 79411
170581085 87054
170668139 84790
170752929 92806
170845735 139324
170985059 132048
171117107 138870
171255977 89017
171344994 55926
171400920 103824
171504744 87612
171592356 131579
171723935 124281
171848216 119437
171967653 84097
172051750 82527
172134277 4660
172138937 89224
172228161 85278
172313439 114279
172427718 130118
172557836 123244
172681080 128206
172809286 83206
172892492 105257
172997749 81310
173079059 76981
173156040 88333
173244373 117408
173361781 118453
173480234 66422
173546656 78199
173624855 72135
173696990 3930
173700920 118177
173819097 91630
173910727 77619
173988346 157688
174146034 95155
174241189 102820
174344009 74654
174418663 102727
174521390 88940
174610330 89105
174699435 114001
174813436 95041
174908477 122073
175030550 110421
175140971 128766
175269737 11447
175281184 114738
175395922 82737
175478659 80726
175559385 119064
175678449 103807
175782256 104585
175886841 140251
176027092 126300
176153392 117700
176271092 80352
176351444 93684
176445128 53162
176498290 114627
176612917 155887
176768804 123564
176892368 105571
176997939 128725
177126664 83733
177210397 106341
177316738 137752
177454490 83009
177537499 119068
177656567 129810
177786377 97648
177884025 141805
178025830 117996
178143826 110323
178254149 45316
178299465 115894
178415359 113029
178528388 96050
178624438 89365
178713803 75110
178788913 102113
178891026 79376
178970402 145159
179115561 130613
179246174 122610
179368784 102652
179471436 118877
179590313 86779
179677092 53188
179730280 118573
179848853 104659
179953512 60566
180014078 132515
180146593 107181
180253774 86680
180340454 101399
180441853 70158
180512011 79235
180591246 76552
180667798 69998
180737796 141169
180878965 92510
180971475 110129
181081604 89495
181171099 38133
181209232 122043
181331275 112417
181443692 106352
181550044 86309
181636353 145515
181781868 104364
181886232 89575
181975807 87797
182063604 130021
182193625 69870
182263495 5824
182269319 119809
182389128 66147
182455275 95187
182550462 125259
182675721 116956
182792677 86445
182879122 4441
182883563 106443
182990006 93840
183083846 79295
183163141 142515
183305656 103483
183409139 75826
183484965 145620
183630585 95351
183725936 96994
183822930 98422
183921352 98854
184020206 101045
184121251 73559
184194810 84413
184279223 80585
184359808 109895
184469703 85866
184555569 129008
184684577 122189
184806766 77291
184884057 132162
185016219 84442
185100661 106403
185207064 117507
185324571 156390
185480961 130515
185611476 147307
185758783 134827
185893610 131556
186025166 95239
186120405 111313
186231718 62744
186294462 111458
186405920 89750
186495670 90557
186586227 119088
186705315 64423
186769738 89455
186859193 133002
186992195 90250
187082445 132422
187214867 99082
187313949 130119
187444068 111462
187555530 123314
187678844 108006
187786850 127399
187914249 116860
188031109 84557
188115666 90386
188206052 144930
188350982 78787
188429769 133006
188562775 103781
188666556 112986
188779542 134798
188914340 46390
188960730 80126
189040856 125251
189166107 98578
189264685 114848
189379533 117682
189497215 134423
189631638 120574
189752212 73260
189825472 129669
189955141 119717
190074858 104616
190179474 123789
190303263 79371
190382634 138465
190521099 84026
190605125 80423
190685548 56916
190742464 73098
190815562 133811
190949373 60893
191010266 81085
191091351 119363
191210714 119049
191329763 76464
191406227 88271
191494498 71539
191566037 113237
191679274 92434
191771708 102957
191874665 84852
191959517 104867
192064384 85945
192150329 109750
192260079 111254
192371333 96109
192467442 76631
192544073 136373
192680446 60372
192740818 108800
192849618 125695
192975313 139902
193115215 63834
193179049 87397
193266446 105347
193371793 72796
193444589 82026
193526615 109832
193636447 103664
193740111 95837
193835948 121195
193957143 123290
194080433 131696
194212129 146318
194358447 62258
194420705 103553
194524258 94424
194618682 127788
194746470 127565
194874035 118064
194992099 96111
195088210 111580
195199790 107864
195307654 105774
195413428 99166
195512594 142303
195654897 139748
195794645 84139
195878784 79623
195958407 132682
196091089 13275
196104364 135823
196240187 101142
196341329 91845
196433174 84166
196517340 52981
196570321 151862
196722183 71061
196793244 114905
196908149 1906
196910055 106064
197016119 100248
197116367 98378
197214745 90545
197305290 100907
197406197 116897
197523094 78825
197601919 116269
197718188 109658
197827846 106480
197934326 79685
198014011 103482
198117493 73454
198190947 86888
198277835 69374
198347209 126971
198474180 85110
198559290 108215
198667505 59125
198726630 78147
198804777 103558
198908335 66146
198974481 30975
199005456 84187
199089643 61544
199151187 122735
199273922 50615
199324537 143245
199467782 109549
199577331 3887
199581218 59980
199641198 74452
199715650 100815
199816465 103393
199919858 127279
200047137 108064
200155201 87488
200242689 134364
200377053 47052
200424105 103831
200527936 83228
200611164 72313
200683477 77121
200760598 116817
200877415 151593
201029008 96389
201125397 64860
201190257 143639
201333896 153039
201486935 103739
201590674 96303
201686977 104948
201791925 102847
201894772 160550
202055322 77221
202132543 68777
202201320 73258
202274578 88613
202363191 81379
202444570 104162
202548732 93657
202642389 138562
202780951 144743
202925694 92536
203018230 116533
203134763 83614
203218377 144630
203363007 93713
203456720 84965
203541685 106043
203647728 151905
203799633 98452
203898085 133269
204031354 59900
204091254 86412
204177666 98167
204275833 77959
204353792 105366
204459158 126815
204585973 149507
204735480 145452
204880932 88901
204969833 79886
205049719 104994
205154713 71424
205226137 87469
205313606 97757
205411363 72465
205483828 102047
205585875 34580
205620455 79385
205699840 119874
205819714 96408
205916122 97330
206013452 100577
206114029 88567
206202596 141642
206344238 139050
206483288 99541
206582829 114879
206697708 127610
206825318 102173
206927491 93012
207020503 88771
207109274 93935
207203209 92644
207295853 78273
207374126 149833
207523959 93257
207617216 106855
207724071 160933
207885004 74499
207959503 95061
208054564 79364
208133928 130230
208264158 78765
208342923 94306
208437229 147251
208584480 120728
208705208 107022
208812230 113741
208925971 108585
209034556 94693
209129249 128690
209257939 2320
209260259 64625
209324884 123717
209448601 89926
209538527 127974
209666501 122111
209788612 85286
209873898 103145
209977043 97776
210074819 80987
210155806 152945
210308751 109980
210418731 142834
210561565 89143
210650708 110735
210761443 85292
210846735 111745
210958480 64517
211022997 45703
211068700 131004
211199704 83514
211283218 132357
211415575 90828
211506403 94744
211601147 77767
211678914 83210
211762124 101613
211863737 135024
211998761 75717
212074478 83444
212157922 15494
212173416 167948
212341364 73098
212414462 109741
212524203 76887
212601090 102535
212703625 100978
212804603 140202
212944805 89806
213034611 87044
213121655 5364
213127019 104540
213231559 95870
213327429 79108
213406537 122184
213528721 104688
213633409 45674
213679083 88325
213767408 63060
213830468 89195
213919663 129460
214049123 90278
214139401 91271
214230672 136128
214366800 79951
214446751 133964
214580715 113216
214693931 89587
214783518 85784
214869302 119240
214988542 146724
215135266 117254
215252520 87349
215339869 108265
215448134 70035
215518169 126583
215644752 143878
215788630 75203
215863833 90938
215954771 83200
216037971 93999
216131970 121618
216253588 126590
216380178 111876
216492054 82621
216574675 149114
216723789 103789
216827578 88446
216916024 134725
217050749 73327
217124076 117122
217241198 148274
217389472 99242
217488714 77768
217566482 89677
217656159 88332
217744491 88632
217833123 133669
217966792 74422
218041214 78502
218119716 127740
218247456 77718
218325174 88702
218413876 101259
218515135 113739
218628874 143865
218772739 95290
218868029 95884
218963913 79461
219043374 168108
219211482 141736
219353218 94341
219447559 132200
219579759 131299
219711058 130803
219841861 85192
219927053 146234
220073287 87024
220160311 75903
220236214 91806
220328020 77367
220405387 82236
220487623 97955
220585578 61543
220647121 106551
220753672 89192
220842864 126444
220969308 84962
221054270 81809
221136079 140620
221276699 136825
221413524 83655
221497179 95944
221593123 30400
221623523 95017
221718540 106544
221825084 122940
221948024 86219
222034243 100696
222134939 79073
222214012 142127
222356139 77984
222434123 113692
222547815 81668
222629483 78295
222707778 93527
222801305 81275
222882580 1059
222883639 77100
222960739 131229
223091968 89173
223181141 112419
223293560 75021
223368581 100507
223469088 88673
223557761 147261
223705022 133629
223838651 34430
223873081 110072
223983153 108998
224092151 88063
224180214 117913
224298127 97008
224395135 73688
224468823 106655
224575478 80150
224655628 95746
224751374 115221
224866595 82989
224949584 89672
225039256 84923
225124179 117149
225241328 117282
225358610 83596
225442206 73693
225515899 76158
225592057 121001
225713058 44597
225757655 141481
225899136 97469
225996605 123865
226120470 98160
226218630 82107
226300737 86540
226387277 78551
226465828 38950
226504778 128556
226633334 134632
226767966 82258
226850224 80832
226931056 102587
227033643 92504
227126147 118118
227244265 129214
227373479 99219
227472698 89420
227562118 94154
227656272 111506
227767778 112068
227879846 96189
227976035 83819
228059854 100649
228160503 114284
228274787 83820
228358607 106413
228465020 99006
228564026 102194
228666220 83436
228749656 76454
228826110 85728
228911838 103098
229014936 136051
229150987 102916
229253903 97613
229351516 52461
229403977 71000
229474977 63949
229538926 26222
229565148 82323
229647471 87541
229735012 92607
229827619 81685
229909304 91051
230000355 102239
230102594 81494
230184088 89746
230273834 83236
230357070 59055
230416125 80835
230496960 39321
230536281 93937
230630218 92386
230722604 83794
230806398 90749
230897147 79020
230976167 80991
231057158 66919
231124077 50747
231174824 145999
231320823 94168
231414991 146655
231561646 89817
231651463 109149
231760612 64675
231825287 144086
231969373 74149
232043522 108069
232151591 57841
232209432 111466
232320898 126898
232447796 34236
232482032 76655
232558687 80454
232639141 119366
232758507 88071
232846578 59821
232906399 92371
232998770 110577
233109347 73087
233182434 87846
233270280 120140
233390420 63801
233454221 98844
233553065 47556
233600621 104564
233705185 116263
233821448 118397
233939845 90019
234029864 120574
234150438 108298
234258736 112138
234370874 86798
234457672 134580
234592252 127916
234720168 91634
234811802 76946
234888748 148441
235037189 79099
235116288 118858
235235146 99343
235334489 127239
235461728 4298
235466026 91768
235557794 159671
235717465 90004
235807469 97168
235904637 104240
236008877 63186
236072063 76562
236148625 125629
236274254 85248
236359502 114772
236474274 105621
236579895 127584
236707479 119597
236827076 90041
236917117 81908
236999025 112200
237111225 71312
237182537 102465
237285002 79736
237364738 102987
237467725 81286
237549011 94885
237643896 15162
237659058 101619
237760677 101787
237862464 131951
237994415 129965
238124380 7939
238132319 116065
238248384 119074
238367458 90420
238457878 73611
238531489 84730
238616219 129157
238745376 76925
238822301 112299
238934600 82877
239017477 95454
239112931 129553
239242484 77775
239320259 26470
239346729 101057
239447786 106871
239554657 65883
239620540 85056
239705596 68819
239774415 79577
239853992 155726
240009718 122485
240132203 88125
240220328 71787
240292115 95461
240387576 95397
240482973 107119
240590092 110427
240700519 97242
240797761 136051
240933812 82991
241016803 66220
241083023 116065
241199088 1823
241200911 73854
241274765 142782
241417547 122679
241540226 161910
241702136 85278
241787414 136527
241923941 88660
242012601 110355
242122956 93192
242216148 83428
242299576 2820
242302396 131236
242433632 119282
242552914 117043
242669957 96529
242766486 85892
242852378 143367
242995745 87733
243083478 150054
243233532 108704
243342236 88808
243431044 147052
243578096 83699
243661795 43722
243705517 77850
243783367 138724
243922091 101752
244023843 91170
244115013 95059
244210072 84664
244294736 127632
244422368 80001
244502369 97292
244599661 74890
244674551 73622
244748173 84858
244833031 116515
244949546 60651
245010197 143734
245153931 115166
245269097 107922
245377019 130604
245507623 99984
245607607 105452
245713059 101123
245814182 74493
245888675 76818
245965493 98798
246064291 85604
246149895 113901
246263796 118041
246381837 81430
246463267 77074
246540341 118160
246658501 130113
246788614 104077
246892691 124221
247016912 107552
247124464 101352
247225816 90450
247316266 105277
247421543 88139
247509682 137029
247646711 66964
247713675 98647
247812322 84129
247896451 114180
248010631 84457
248095088 133919
248229007 109656
248338663 92895
248431558 122386
248553944 118796
248672740 119308
248792048 123381
248915429 72665
248988094 114180
249102274 115805
249218079 71883
249289962 84810
249374772 98841
249473613 106383
249579996 78962
249658958 109418
249768376 83607
249851983 93576
249945559 91323
250036882 145956
250182838 92563
250275401 98981
250374382 118708
250493090 79388
250572478 104720
250677198 139293
250816491 81534
250898025 82257
250980282 73942
251054224 100047
251154271 79936
251234207 977
251235184 140467
251375651 97342
251472993 46767
251519760 109794
251629554 124964
251754518 48370
251802888 121708
251924596 157306
252081902 91160
252173062 86507
252259569 137682
252397251 104611
252501862 93202
252595064 88566
252683630 107988
252791618 81782
252873400 119615
252993015 128208
253121223 89376
253210599 99015
253309614 131551
253441165 102972
253544137 150856
253694993 119367
253814360 136346
253950706 109606
254060312 73076
254133388 64847
254198235 134446
254332681 145023
254477704 125870
254603574 75379
254678953 85149
254764102 78227
254842329 157200
254999529 86857
255086386 99957
255186343 103556
255289899 147554
255437453 9567
255447020 108370
255555390 44514
255599904 155792
255755696 109211
255864907 86263
255951170 85303
256036473 86783
256123256 93129
256216385 111522
256327907 84582
256412489 104134
256516623 85621
256602244 90686
256692930 110581
256803511 98471
256901982 75464
256977446 118332
257095778 70516
257166294 161236
257327530 100759
257428289 102767
257531056 128412
257659468 98651
257758119 74408
257832527 144166
257976693 114936
258091629 136269
258227898 137472
258365370 112909
258478279 86676
258564955 82378
258647333 125868
258773201 121474
258894675 98888
258993563 153948
259147511 111041
259258552 81789
259340341 129590
259469931 88922
259558853 93505
259652358 99316
259751674 26611
259778285 105577
259883862 77107
259960969 119572
260080541 150553
260231094 143280
260374374 9330
260383704 126398
260510102 88803
260598905 97097
260696002 135156
260831158 97090
260928248 110233
261038481 138150
261176631 120775
261297406 106544
261403950 117743
261521693 97231
261618924 141210
261760134 70443
261830577 65207
261895784 97275
261993059 137494
262130553 120354
262250907 76419
262327326 93337
262420663 97115
262517778 128619
262646397 15442
262661839 137209
262799048 92122
262891170 125264
263016434 159351
263175785 33028
263208813 110979
263319792 90284
263410076 128085
263538161 154886
263693047 63145
263756192 121909
263878101 92426
263970527 144396
264114923 125256
264240179 85424
264325603 42317
264367920 95106
264463026 146015
264609041 100942
264709983 97820
264807803 80101
264887904 42583
264930487 121409
265051896 93753
265145649 151084
265296733 107460
265404193 76720
265480913 84755
265565668 78934
265644602 85708
265730310 41871
265772181 88952
265861133 84594
265945727 98758
266044485 115203
266159688 59790
266219478 121232
266340710 86237
266426947 109245
266536192 98466
266634658 83796
266718454 114648
266833102 95928
266929030 129892
267058922 88762
267147684 112934
267260618 49147
267309765 162017
267471782 96468
267568250 84370
267652620 146907
267799527 67507
267867034 85905
267952939 82995
268035934 127129
268163063 137634
268300697 156451
268457148 100384
268557532 85701
268643233 118800
268762033 103224
268865257 83356
268948613 123294
269071907 112161
269184068 77706
269261774 98577
269360351 77385
269437736 133691
269571427 128185
269699612 93045
269792657 977
269793634 85542
269879176 49061
269928237 71099
269999336 4518
270003854 115816
270119670 75442
270195112 75263
270270375 144179
270414554 100139
270514693 124688
270639381 86012
270725393 117873
270843266 106906
270950172 149150
271099322 94492
271193814 7743
271201557 80181
271281738 69554
271351292 129331
271480623 65364
271545987 98839
271644826 68447
271713273 73329
271786602 101535
271888137 99295
271987432 143838
272131270 78739
272210009 88192
272298201 77807
272376008 83255
272459263 151930
272611193 124639
272735832 110942
272846774 125361
272972135 4068
272976203 88945
273065148 107942
273173090 105556
273278646 108738
273387384 109067
273496451 108214
273604665 102168
273706833 128466
273835299 81467
273916766 83525
274000291 108988
274109279 125034
274234313 110416
274344729 54971
274399700 86402
274486102 106395
274592497 57840
274650337 78454
274728791 93926
274822717 100940
274923657 175154
275098811 82693
275181504 101193
275282697 98754
275381451 106860
275488311 47874
275536185 85591
275621776 109337
275731113 89743
275820856 92777
275913633 113340
276026973 81360
276108333 128934
276237267 132584
276369851 90403
276460254 113040
276573294 67923
276641217 112738
276753955 95820
276849775 76971
276926746 165189
277091935 120455
277212390 83254
277295644 100700
277396344 109959
277506303 83041
277589344 144234
277733578 99321
277832899 86389
277919288 75101
277994389 78549
278072938 139365
278212303 94706
278307009 58746
278365755 977
278366732 73015
278439747 77955
278517702 81820
278599522 120133
278719655 94090
278813745 110691
278924436 100798
279025234 87092
279112326 81320
279193646 82799
279276445 102252
279378697 69633
279448330 111550
279559880 131741
279691621 88165
279779786 126685
279906471 81708
279988179 76157
280064336 131001
280195337 94045
280289382 130243
280419625 113989
280533614 152170
280685784 148108
280833892 96629
280930521 99437
281029958 87597
281117555 79016
281196571 113272
281309843 162258
281472101 106755
281578856 94433
281673289 144720
281818009 87748
281905757 144089
282049846 97396
282147242 97288
282244530 91542
282336072 99747
282435819 110774
282546593 83947
282630540 49007
282679547 147824
282827371 97884
282925255 114272
283039527 86640
283126167 77265
283203432 99536
283302968 148012
283450980 91124
283542104 146107
283688211 92654
283780865 102884
283883749 113911
283997660 79184
284076844 135285
284212129 27036
284239165 121681
284360846 109174
284470020 131468
284601488 104575
284706063 111902
284817965 115036
284933001 90711
285023712 120965
285144677 73166
285217843 83161
285301004 117180
285418184 98656
285516840 104850
285621690 114540
285736230 70257
285806487 113956
285920443 71095
285991538 137669
286129207 107457
286236664 83853
286320517 85476
286405993 119373
286525366 77195
286602561 82484
286685045 117204
286802249 70410
286872659 104712
286977371 125179
287102550 96159
287198709 107508
287306217 122239
287428456 122482
287550938 78752
287629690 72417
287702107 83297
287785404 113912
287899316 92764
287992080 96978
288089058 93051
288182109 108275
288290384 56004
288346388 88375
288434763 139662
288574425 100644
288675069 66061
288741130 145866
288886996 109412
288996408 98671
289095079 96474
289191553 88305
289279858 90230
289370088 91134
289461222 102886
289564108 80188
289644296 90840
289735136 146696
289881832 124265
290006097 85420
290091517 78663
290170180 117951
290288131 93075
290381206 100863
290482069 91465
290573534 91818
290665352 82165
290747517 76609
290824126 76662
290900788 88695
290989483 93067
291082550 90532
291173082 95591
291268673 98937
291367610 27471
291395081 90353
291485434 105863
291591297 87423
291678720 85151
291763871 125569
291889440 102892
291992332 80911
292073243 164468
292237711 49230
292286941 114232
292401173 75593
292476766 126054
292602820 107745
292710565 66254
292776819 125135
292901954 109645
293011599 146934
293158533 78399
293236932 83461
293320393 130031
293450424 129723
293580147 83336
293663483 67775
293731258 91536
293822794 110554
293933348 977
293934325 63137
293997462 75340
294072802 143196
294215998 134707
294350705 137993
294488698 86188
294574886 91629
294666515 91818
294758333 70174
294828507 42247
294870754 128022
294998776 130061
295128837 82065
295210902 108931
295319833 93548
295413381 79963
295493344 106400
295599744 77369
295677113 145393
295822506 129059
295951565 112761
296064326 92619
296156945 114805
296271750 136344
296408094 147416
296555510 103151
296658661 90178
296748839 74578
296823417 2459
296825876 111326
296937202 133039
297070241 87438
297157679 84853
297242532 100495
297343027 977
297344004 100614
297444618 88895
297533513 51007
297584520 101567
297686087 84690
297770777 65821
297836598 81908
297918506 82633
298001139 142740
298143879 77684
298221563 118631
298340194 72156
298412350 117038
298529388 84988
298614376 89548
298703924 112664
298816588 85571
298902159 101780
299003939 151912
299155851 119728
299275579 134405
299409984 98212
299508196 118134
299626330 109094
299735424 88402
299823826 157854
299981680 76815
300058495 136406
300194901 104568
300299469 87590
300387059 144059
300531118 102505
300633623 130431
300764054 123199
300887253 76025
300963278 83706
301046984 107483
301154467 92954
301247421 89516
301336937 111569
301448506 86873
301535379 156319
301691698 114146
301805844 68352
301874196 102346
301976542 45182
302021724 115509
302137233 106752
302243985 94099
302338084 94162
302432246 110068
302542314 93171
302635485 80871
302716356 117474
302833830 90108
302923938 75523
302999461 130664
303130125 83023
303213148 59165
303272313 115834
303388147 95030
303483177 141018
303624195 101611
303725806 137176
303862982 87927
303950909 118224
304069133 73700
304142833 71396
304214229 77604
304291833 82321
304374154 120724
304494878 136154
304631032 88733
304719765 137400
304857165 45928
304903093 122497
305025590 80414
305106004 98651
305204655 105116
305309771 87928
305397699 125705
305523404 123444
305646848 89257
305736105 72093
305808198 151567
305959765 53855
306013620 106413
306120033 977
306121010 76009
306197019 96801
306293820 69844
306363664 89561
306453225 86159
306539384 138378
306677762 124862
306802624 75445
306878069 82960
306961029 77975
307039004 101265
307140269 110056
307250325 91269
307341594 88582
307430176 115106
307545282 109483
307654765 92193
307746958 81131
307828089 78089
307906178 86204
307992382 123578
308115960 101719
308217679 95094
308312773 90000
308402773 107039
308509812 105573
308615385 98886
308714271 146356
308860627 122967
308983594 115091
309098685 95953
309194638 71782
309266420 130682
309397102 77819
309474921 120748
309595669 79331
309675000 80910
309755910 107451
309863361 89760
309953121 102874
310055995 82725
310138720 77462
310216182 106128
310322310 78050
310400360 109319
310509679 97614
310607293 131891
310739184 88917
310828101 53765
310881866 89482
310971348 136429
311107777 77161
311184938 79789
311264727 170583
311435310 90785
311526095 94183
311620278 79092
311699370 143139
311842509 106851
311949360 137671
312087031 138691
312225722 103254
312328976 67325
312396301 92159
312488460 96086
312584546 77513
312662059 87660
312749719 978
312750697 92029
312842726 87835
312930561 71944
313002505 135882
313138387 80689
313219076 977
313220053 95502
313315555 75315
313390870 104461
313495331 109288
313604619 68351
313672970 93502
313766472 85532
313852004 110212
313962216 88703
314050919 153008
314203927 124286
314328213 81949
314410162 98086
314508248 83856
314592104 2771
314594875 82469
314677344 109126
314786470 82572
314869042 149975
315019017 116456
315135473 117954
315253427 75638
315329065 135435
315464500 133015
315597515 79275
315676790 156611
315833401 102066
315935467 168903
316104370 60879
316165249 133752
316299001 111092
316410093 77663
316487756 92503
316580259 99403
316679662 118268
316797930 126949
316924879 93024
317017903 98486
317116389 108688
317225077 115482
317340559 136737
317477296 133662
317610958 135366
317746324 144134
317890458 110389
318000847 144136
318144983 122759
318267742 977
318268719 107549
318376268 135198
318511466 85478
318596944 92536
318689480 76932
318766412 137790
318904202 107926
319012128 101269
319113397 125122
319238519 76405
319314924 109371
319424295 102602
319526897 98987
319625884 97431
319723315 115775
319839090 73791
319912881 977
319913858 32733
319946591 127763
320074354 93185
320167539 117873
320285412 92493
320377905 84940
320462845 80550
320543395 82336
320625731 82822
320708553 52222
320760775 95469
320856244 90776
320947020 118898
321065918 106768
321172686 117492
321290178 67722
321357900 5187
321363087 84538
321447625 108998
321556623 112735
321669358 108320
321777678 102748
321880426 82152
321962578 106776
322069354 119541
322188895 99394
322288289 94733
322383022 82321
322465343 94144
322559487 89454
322648941 83085
322732026 121774
322853800 83872
322937672 94693
323032365 137621
323169986 68532
323238518 148373
323386891 80751
323467642 96683
323564325 107436
323671761 133445
323805206 78904
323884110 82334
323966444 34016
324000460 77458
324077918 115941
324193859 105317
324299176 136025
324435201 83966
324519167 153811
324672978 116174
324789152 108447
324897599 87955
324985554 128024
325113578 128836
325242414 107508
325349922 127935
325477857 85309
325563166 98412
325661578 94828
325756406 87611
325844017 18725
325862742 87937
325950679 117987
326068666 102368
326171034 98266
326269300 128976
326398276 83324
326481600 83843
326565443 71946
326637389 82906
326720295 123026
326843321 125590
326968911 102967
327071878 74877
327146755 109881
327256636 84385
327341021 141860
327482881 120758
327603639 31601
327635240 75922
327711162 82771
327793933 83481
327877414 86729
327964143 92677
328056820 121324
328178144 82117
328260261 103505
328363766 60728
328424494 89322
328513816 84286
328598102 99189
328697291 125346
328822637 101922
328924559 78503
329003062 102414
329105476 78500
329183976 61306
329245282 80274
329325556 20146
329345702 109205
329454907 38553
329493460 146700
329640160 118771
329758931 84627
329843558 88066
329931624 101369
330032993 96865
330129858 114706
330244564 130746
330375310 78273
330453583 69363
330522946 107176
330630122 88172
330718294 126937
330845231 86461
330931692 142603
331074295 101913
331176208 74409
331250617 89966
331340583 79920
331420503 77169
331497672 127624
331625296 100310
331725606 58907
331784513 78107
331862620 31064
331893684 38240
331931924 86796
332018720 90773
332109493 100226
332209719 121976
332331695 94732
332426427 82782
332509209 100160
332609369 140973
332750342 98222
332848564 60779
332909343 112598
333021941 94715
333116656 89009
333205665 164661
333370326 96909
333467235 83165
333550400 77756
333628156 92823
333720979 98230
333819209 70598
333889807 78944
333968751 63460
334032211 112384
334144595 73631
334218226 85164
334303390 98489
334401879 103749
334505628 102705
334608333 87547
334695880 96817
334792697 67880
334860577 116164
334976741 84398
335061139 96505
335157644 90082
335247726 129164
335376890 106906
335483796 141776
335625572 124625
335750197 81492
335831689 103687
335935376 74165
336009541 24287
336033828 93550
336127378 83279
336210657 166672
336377329 105560
336482889 114356
336597245 102044
336699289 96433
336795722 129707
336925429 82063
337007492 102211
337109703 85319
337195022 106083
337301105 84384
337385489 97352
337482841 80867
337563708 99090
337662798 105674
337768472 87547
337856019 70953
337926972 124249
338051221 103742
338154963 150325
338305288 73720
338379008 80596
338459604 137195
338596799 30673
338627472 163130
338790602 87820
338878422 154914
339033336 108847
339142183 86059
339228242 90625
339318867 92431
339411298 69723
339481021 100873
339581894 113375
339695269 99422
339794691 65632
339860323 98378
339958701 87508
340046209 105574
340151783 77717
340229500 127358
340356858 41357
340398215 90075
340488290 102877
340591167 108207
340699374 123480
340822854 101055
340923909 109740
341033649 96945
341130594 71212
341201806 126004
341327810 115080
341442890 140590
341583480 97600
341681080 132070
341813150 103860
341917010 89013
342006023 140690
342146713 25157
342171870 78459
342250329 78760
342329089 92354
342421443 97290
342518733 114222
342632955 123783
342756738 58910
342815648 66807
342882455 115381
342997836 141613
343139449 86237
343225686 135488
343361174 97650
343458824 110781
343569605 110014
343679619 158072
343837691 141302
343978993 75441
344054434 147542
344201976 63345
344265321 113049
344378370 101146
344479516 140418
344619934 85684
344705618 97608
344803226 101340
344904566 99744
345004310 76855
345081165 96624
345177789 80188
345257977 100733
345358710 109610
345468320 128824
345597144 92334
345689478 141355
345830833 141793
345972626 98124
346070750 77744
346148494 130379
346278873 85414
346364287 104870
346469157 80280
346549437 97502
346646939 112917
346759856 93459
346853315 128535
346981850 105452
347087302 99106
347186408 71066
347257474 80512
347337986 81146
347419132 87246
347506378 78329
347584707 118281
347702988 105106
347808094 94319
347902413 72482
347974895 97267
348072162 81579
348153741 128379
348282120 93097
348375217 131533
348506750 76676
348583426 94637
348678063 87338
348765401 112866
348878267 126932
349005199 109123
349114322 59756
349174078 138811
349312889 96920
349409809 83699
349493508 23212
349516720 83439
349600159 5566
349605725 131185
349736910 113515
349850425 65224
349915649 81870
349997519 50707
350048226 105271
350153497 81739
350235236 145520
350380756 160946
350541702 96726
350638428 104151
350742579 92794
350835373 77947
350913320 144313
351057633 116163
351173796 74337
351248133 76401
351324534 89696
351414230 118241
351532471 101404
351633875 74166
351708041 103314
351811355 72400
351883755 119461
352003216 115437
352118653 109677
352228330 97164
352325494 88634
352414128 80090
352494218 106408
352600626 122299
352722925 111223
352834148 94090
352928238 73799
353002037 76004
353078041 78563
353156604 97267
353253871 74530
353328401 92045
353420446 59913
353480359 106381
353586740 142300
353729040 65131
353794171 91193
353885364 94655
353980019 127085
354107104 100197
354207301 91613
354298914 82287
354381201 112121
354493322 113918
354607240 90088
354697328 105840
354803168 113651
354916819 96408
355013227 60747
355073974 134380
355208354 91589
355299943 92569
355392512 145255
355537767 91706
355629473 100268
355729741 122101
355851842 126859
355978701 67077
356045778 151974
356197752 118978
356316730 95404
356412134 41492
356453626 117013
356570639 81452
356652091 121785
356773876 93615
356867491 77002
356944493 114190
357058683 92486
357151169 108521
357259690 122252
357381942 145999
357527941 66774
357594715 130297
357725012 87306
357812318 72923
357885241 87457
357972698 68175
358040873 128129
358169002 89920
358258922 139033
358397955 78055
358476010 102080
358578090 114903
358692993 107558
358800551 116722
358917273 43748
358961021 78841
359039862 80986
359120848 105302
359226150 121490
359347640 125511
359473151 77930
359551081 135184
359686265 77521
359763786 106011
359869797 90298
359960095 117289
360077384 75979
360153363 107560
360260923 106618
360367541 118369
360485910 43619
360529529 143659
360673188 116265
360789453 78645
360868098 90155
360958253 93177
361051430 102052
361153482 128479
361281961 977
361282938 104229
361387167 127966
361515133 96230
361611363 107210
361718573 66268
361784841 99469
361884310 77732
361962042 102938
362064980 70532
362135512 120345
362255857 134076
362389933 126710
362516643 117552
362634195 77131
362711326 77649
362788975 81788
362870763 77556
362948319 154200
363102519 93153
363195672 64880
363260552 81727
363342279 104815
363447094 125011
363572105 127366
363699471 107567
363807038 106105
363913143 88186
364001329 144792
364146121 96077
364242198 126738
364368936 85962
364454898 96812
364551710 50120
364601830 26936
364628766 108340
364737106 104432
364841538 111516
364953054 92959
365046013 81809
365127822 124409
365252231 116733
365368964 128214
365497178 131421
365628599 94954
365723553 124759
365848312 125772
365974084 93513
366067597 88072
366155669 79416
366235085 75914
366310999 90123
366401122 111500
366512622 91083
366603705 140127
366743832 85734
366829566 84555
366914121 100469
367014590 89856
367104446 63640
367168086 135569
367303655 82558
367386213 61372
367447585 52819
367500404 75239
367575643 78753
367654396 135562
367789958 104930
367894888 84099
367978987 83179
368062166 145389
368207555 74256
368281811 136268
368418079 155376
368573455 137540
368710995 115863
368826858 80690
368907548 151581
369059129 143250
369202379 140181
369342560 111144
369453704 83522
369537226 93989
369631215 89592
369720807 103854
369824661 84410
369909071 76873
369985944 24015
370009959 114879
370124838 107432
370232270 142931
370375201 124327
370499528 141788
370641316 115700
370757016 111451
370868467 103474
370971941 97456
371069397 87639
371157036 27355
371184391 120080
371304471 86431
371390902 114610
371505512 115661
371621173 93825
371714998 132548
371847546 128793
371976339 91897
372068236 76348
372144584 95717
372240301 76033
372316334 104383
372420717 90723
372511440 120688
372632128 105987
372738115 119291
372857406 90394
372947800 86182
373033982 94814
373128796 92341
373221137 48617
373269754 112959
373382713 100267
373482980 103246
373586226 107713
373693939 113046
373806985 79852
373886837 85024
373971861 80893
374052754 93293
374146047 158623
374304670 109949
374414619 128646
374543265 85058
374628323 107375
374735698 102510
374838208 99383
374937591 66041
375003632 70893
375074525 51615
375126140 100452
375226592 92145
375318737 141063
375459800 114218
375574018 99598
375673616 99270
375772886 109540
375882426 86841
375969267 72601
376041868 110588
376152456 94281
376246737 80963
376327700 81114
376408814 78229
376487043 81584
376568627 103025
376671652 75504
376747156 128856
376876012 121408
376997420 73863
377071283 86206
377157489 94035
377251524 98096
377349620 110088
377459708 58191
377517899 43664
377561563 75553
377637116 135905
377773021 86229
377859250 96400
377955650 101714
378057364 95420
378152784 127398
378280182 92193
378372375 108670
378481045 77475
378558520 136946
378695466 83483
378778949 85442
378864391 116851
378981242 108792
379090034 71263
379161297 77914
379239211 73773
379312984 79964
379392948 72879
379465827 80321
379546148 79310
379625458 85419
379710877 104497
379815374 61736
379877110 72438
379949548 123946
380073494 99343
380172837 118208
380291045 149920
380440965 126506
380567471 96743
380664214 69924
380734138 69256
380803394 89310
380892704 111221
381003925 133299
381137224 75768
381212992 13959
381226951 82690
381309641 94453
381404094 123601
381527695 80067
381607762 141048
381748810 75575
381824385 76842
381901227 129469
382030696 101170
382131866 135255
382267121 96867
382363988 110287
382474275 82519
382556794 114149
382670943 79633
382750576 130612
382881188 109371
382990559 113190
383103749 140582
383244331 125621
383369952 92570
383462522 148021
383610543 88998
383699541 139477
383839018 80138
383919156 122455
384041611 97699
384139310 140578
384279888 84377
384364265 124574
384488839 110034
384598873 110942
384709815 98714
384808529 109963
384918492 135615
385054107 104978
385159085 151963
385311048 111734
385422782 89658
385512440 101814
385614254 108333
385722587 89606
385812193 118855
385931048 90909
386021957 119511
386141468 106257
386247725 75179
386322904 27446
386350350 74575
386424925 86013
386510938 82820
386593758 92601
386686359 82726
386769085 118304
386887389 77858
386965247 99452
387064699 97359
387162058 109635
387271693 81636
387353329 145849
387499178 77725
387576903 84929
387661832 95629
387757461 99216
387856677 77264
387933941 125826
388059767 109255
388169022 128645
388297667 78275
388375942 109179
388485121 52110
388537231 86995
388624226 127755
388751981 78095
388830076 113069
388943145 100910
389044055 146909
389190964 96881
389287845 52121
389339966 115716
389455682 66027
389521709 103603
389625312 102727
389728039 135835
389863874 977
389864851 126917
389991768 74717
390066485 110303
390176788 106726
390283514 82545
390366059 79600
390445659 106674
390552333 77233
390629566 160331
390789897 83355
390873252 83704
390956956 100716
391057672 98325
391155997 104544
391260541 104780
391365321 159323
391524644 79460
391604104 76564
391680668 88448
391769116 77690
391846806 121532
391968338 87877
392056215 79802
392136017 141674
392277691 83892
392361583 77385
392438968 36416
392475384 95091
392570475 122628
392693103 76042
392769145 94970
392864115 128468
392992583 111259
393103842 125416
393229258 95681
393324939 104923
393429862 71576
393501438 6578
393508016 99600
393607616 117459
393725075 131476
393856551 100550
393957101 59644
394016745 124127
394140872 105013
394245885 116151
394362036 90918
394452954 101282
394554236 86666
394640902 123112
394764014 89804
394853818 130553
394984371 64201
395048572 108199
395156771 80764
395237535 87364
395324899 103979
395428878 103394
395532272 126391
395658663 105303
395763966 78869
395842835 97116
395939951 86832
396026783 48329
396075112 89555
396164667 94345
396259012 98817
396357829 109913
396467742 85866
396553608 105535
396659143 97804
396756947 77635
396834582 96647
396931229 82267
397013496 68691
397082187 78993
397161180 57724
397218904 74046
397292950 114229
397407179 139349
397546528 67013
397613541 99532
397713073 103965
397817038 70630
397887668 148605
398036273 116705
398152978 68232
398221210 131259
398352469 95428
398447897 114080
398561977 49693
398611670 86270
398697940 86580
398784520 95019
398879539 85169
398964708 90688
399055396 106754
399162150 119668
399281818 142335
399424153 95258
399519411 68804
399588215 126903
399715118 140481
399855599 124602
399980201 37766
400017967 122567
400140534 114846
400255380 79264
400334644 99353
400433997 79253
400513250 142170
400655420 81272
400736692 77082
400813774 98284
400912058 107966
401020024 97867
401117891 108566
401226457 108245
401334702 42217
401376919 89823
401466742 148914
401615656 118804
401734460 77468
401811928 95731
401907659 2808
401910467 97699
402008166 106306
402114472 123058
402237530 131530
402369060 44769
402413829 70855
402484684 78588
402563272 85978
402649250 156341
402805591 115600
402921191 100542
403021733 105784
403127517 80082
403207599 93223
403300822 130628
403431450 154384
403585834 98903
403684737 77887
403762624 96380
403859004 92174
403951178 90847
404042025 112281
404154306 113123
404267429 156294
404423723 121888
404545611 102124
404647735 102596
404750331 127105
404877436 95782
404973218 116808
405090026 30359
405120385 127546
405247931 157336
405405267 120455
405525722 74938
405600660 89300
405689960 101631
405791591 115954
405907545 103388
406010933 134342
406145275 125262
406270537 92793
406363330 56022
406419352 120852
406540204 110689
406650893 88167
406739060 156032
406895092 151138
407046230 82468
407128698 160262
407288960 93271
407382231 100161
407482392 70814
407553206 83647
407636853 89394
407726247 92991
407819238 86442
407905680 148342
408054022 107699
408161721 108480
408270201 109286
408379487 71773
408451260 170085
408621345 70751
408692096 76947
408769043 106817
408875860 102001
408977861 134749
409112610 137929
409250539 98262
409348801 109014
409457815 74558
409532373 92379
409624752 137024
409761776 101442
409863218 83299
409946517 80275
410026792 102983
410129775 93128
410222903 87136
410310039 131417
410441456 138137
410579593 96164
410675757 82987
410758744 73210
410831954 124650
410956604 96633
411053237 104746
411157983 114119
411272102 103545
411375647 130213
411505860 106317
411612177 86981
411699158 130168
411829326 122266
411951592 83866
412035458 136876
412172334 123605
412295939 119998
412415937 134231
412550168 122282
412672450 84873
412757323 112791
412870114 125120
412995234 101258
413096492 84753
413181245 73505
413254750 109598
413364348 108860
413473208 113274
413586482 22059
413608541 103086
413711627 112583
413824210 101581
413925791 95284
414021075 126661
414147736 110673
414258409 146202
414404611 82665
414487276 124971
414612247 113336
414725583 103174
414828757 103235
414931992 82287
415014279 120564
415134843 119318
415254161 80924
415335085 74934
415410019 104263
415514282 73188
415587470 59525
415646995 75824
415722819 114164
415836983 99836
415936819 134750
416071569 99078
416170647 78221
416248868 48824
416297692 129871
416427563 109802
416537365 93365
416630730 104228
416734958 91033
416825991 97924
416923915 141758
417065673 78159
417143832 100957
417244789 149121
417393910 93619
417487529 152589
417640118 109118
417749236 124472
417873708 112713
417986421 121663
418108084 115269
418223353 111621
418334974 112184
418447158 100859
418548017 102865
418650882 103881
418754763 100713
418855476 138385
418993861 89433
419083294 155517
419238811 144153
419382964 87969
419470933 144502
419615435 102922
419718357 107645
419826002 80250
419906252 96437
420002689 70268
420072957 123810
420196767 150634
420347401 79119
420426520 92896
420519416 70670
420590086 96489
420686575 66592
420753167 109230
420862397 78207
420940604 69274
421009878 105702
421115580 60229
421175809 102657
421278466 107715
421386181 92189
421478370 115586
421593956 145588
421739544 977
421740521 142571
421883092 140841
422023933 142484
422166417 94836
422261253 82448
422343701 99541
422443242 66717
422509959 91863
422601822 110779
422712601 83686
422796287 139769
422936056 119968
423056024 130149
423186173 81168
423267341 95122
423362463 39075
423401538 126604
423528142 102765
423630907 98978
423729885 98625
423828510 101911
423930421 117022
424047443 91851
424139294 113495
424252789 53335
424306124 131829
424437953 78957
424516910 83011
424599921 88959
424688880 102411
424791291 112214
424903505 97285
425000790 86850
425087640 97450
425185090 119840
425304930 85596
425390526 131732
425522258 91503
425613761 126238
425739999 90105
425830104 120401
425950505 69287
426019792 111068
426130860 142718
426273578 977
426274555 83947
426358502 133193
426491695 120614
426612309 55884
426668193 118903
426787096 133567
426920663 89980
427010643 66655
427077298 67457
427144755 103208
427247963 111378
427359341 132532
427491873 99772
427591645 95214
427686859 90951
427777810 16267
427794077 82417
427876494 160546
428037040 148615
428185655 75472
428261127 69205
428330332 62739
428393071 96045
428489116 81899
428571015 83980
428654995 77055
428732050 80202
428812252 89343
428901595 90297
428991892 151353
429143245 182542
429325787 74649
429400436 122157
429522593 132158
429654751 90727
429745478 121764
429867242 96329
429963571 90384
430053955 107189
430161144 118327
430279471 120334
430399805 93165
430492970 89300
430582270 91014
430673284 73460
430746744 80318
430827062 51549
430878611 102911
430981522 114548
431096070 141438
431237508 90796
431328304 151303
431479607 91829
431571436 81839
431653275 82326
431735601 101988
431837589 116289
431953878 87810
432041688 89616
432131304 81846
432213150 44933
432258083 76393
432334476 111875
432446351 88467
432534818 117363
432652181 97401
432749582 131859
432881441 101367
432982808 131116
433113924 104547
433218471 144770
433363241 99198
433462439 116134
433578573 75776
433654349 82168
433736517 73840
433810357 19229
433829586 92031
433921617 83614
434005231 85183
434090414 85261
434175675 93375
434269050 102866
434371916 157423
434529339 116722
434646061 128058
434774119 114575
434888694 86633
434975327 106173
435081500 82746
435164246 78150
435242396 132912
435375308 108315
435483623 124529
435608152 73239
435681391 123207
435804598 119128
435923726 76670
436000396 104002
436104398 79144
436183542 123090
436306632 106455
436413087 147858
436560945 137830
436698775 76460
436775235 120868
436896103 74756
436970859 64561
437035420 98931
437134351 139632
437273983 76344
437350327 31651
437381978 111988
437493966 977
437494943 86940
437581883 89784
437671667 153342
437825009 120483
437945492 74425
438019917 135427
438155344 90677
438246021 140408
438386429 52508
438438937 118795
438557732 82077
438639809 86206
438726015 122727
438848742 142860
438991602 81817
439073419 102605
439176024 71220
439247244 97867
439345111 117205
439462316 83212
439545528 76232
439621760 82263
439704023 91143
439795166 134415
439929581 81985
440011566 85510
440097076 94567
440191643 93147
440284790 117413
440402203 80229
440482432 108954
440591386 83987
440675373 130881
440806254 103473
440909727 145127
441054854 127866
441182720 98871
441281591 96825
441378416 87839
441466255 79485
441545740 87669
441633409 87323
441720732 102512
441823244 109327
441932571 97602
442030173 120887
442151060 74207
442225267 128738
442354005 132663
442486668 75026
442561694 80840
442642534 122476
442765010 99629
442864639 155222
443019861 99483
443119344 81514
443200858 130246
443331104 93032
443424136 80719
443504855 93383
443598238 128050
443726288 113274
443839562 87382
443926944 146805
444073749 115041
444188790 91617
444280407 114021
444394428 109893
444504321 80733
444585054 135676
444720730 117353
444838083 102385
444940468 82019
445022487 78248
445100735 100063
445200798 82799
445283597 111692
445395289 113932
445509221 145257
445654478 87605
445742083 120101
445862184 120839
445983023 110877
446093900 106796
446200696 115575
446316271 93779
446410050 74766
446484816 125537
446610353 73427
446683780 93202
446776982 32493
446809475 82233
446891708 79654
446971362 127161
447098523 128332
447226855 132839
447359694 131485
447491179 97077
447588256 87423
447675679 120805
447796484 62978
447859462 113464
447972926 86467
448059393 81565
448140958 78280
448219238 71464
448290702 74262
448364964 70810
448435774 91861
448527635 105610
448633245 93726
448726971 111395
448838366 137680
448976046 115442
449091488 99376
449190864 76848
449267712 77929
449345641 113895
449459536 977
449460513 97287
449557800 52400
449610200 96712
449706912 27065
449733977 109965
449843942 95455
449939397 88678
450028075 100045
450128120 96509
450224629 116113
450340742 63473
450404215 92719
450496934 131145
450628079 90068
450718147 97134
450815281 136961
450952242 110397
451062639 82582
451145221 105920
451251141 131488
451382629 102101
451484730 105743
451590473 89004
451679477 82556
451762033 97852
451859885 121905
451981790 87824
452069614 13540
452083154 127928
452211082 44871
452255953 81132
452337085 80730
452417815 93380
452511195 88191
452599386 152282
452751668 97754
452849422 99458
452948880 79003
453027883 82769
453110652 94258
453204910 81642
453286552 90768
453377320 114446
453491766 81574
453573340 84134
453657474 80403
453737877 130497
453868374 104420
453972794 105133
454077927 137865
454215792 142713
454358505 61929
454420434 85817
454506251 98335
454604586 132621
454737207 95912
454833119 75897
454909016 62649
454971665 97683
455069348 79934
455149282 81734
455231016 75692
455306708 130986
455437694 81977
455519671 87656
455607327 120523
455727850 92791
455820641 87526
455908167 90495
455998662 88276
456086938 63860
456150798 93114
456243912 81000
456324912 74001
456398913 128895
456527808 133824
456661632 122866
456784498 121409
456905907 117902
457023809 139002
457162811 115391
457278202 111745
457389947 104401
457494348 107813
457602161 98619
457700780 78612
457779392 124407
457903799 121602
458025401 136407
458161808 92849
458254657 110058
458364715 143299
458508014 116265
458624279 106159
458730438 94019
458824457 113780
458938237 93743
459031980 118325
459150305 81436
459231741 83032
459314773 76535
459391308 94170
459485478 78856
459564334 103680
459668014 80646
459748660 93719
459842379 101577
459943956 103511
460047467 81795
460129262 116085
460245347 134423
460379770 117484
460497254 88762
460586016 77113
460663129 83358
460746487 126121
460872608 71200
460943808 116522
461060330 86014
461146344 73775
461220119 90595
461310714 47561
461358275 123684
461481959 88626
461570585 82689
461653274 87462
461740736 92218
461832954 120629
461953583 115556
462069139 87009
462156148 84774
462240922 103404
462344326 98678
462443004 104415
462547419 81375
462628794 144422
462773216 123595
462896811 77139
462973950 86928
463060878 147135
463208013 79270
463287283 135779
463423062 109159
463532221 79258
463611479 117134
463728613 91077
463819690 50994
463870684 117579
463988263 93806
464082069 89844
464171913 91788
464263701 87099
464350800 84954
464435754 71736
464507490 132734
464640224 145492
464785716 87323
464873039 77506
464950545 19028
464969573 158458
465128031 89680
465217711 82276
465299987 73956
465373943 130165
465504108 143464
465647572 140522
465788094 136208
465924302 88658
466012960 137425
466150385 83831
466234216 116747
466350963 99441
466450404 76791
466527195 94545
466621740 112890
466734630 123191
466857821 69785
466927606 136848
467064454 68463
467132917 76445
467209362 78213
467287575 111490
467399065 126164
467525229 89748
467614977 977
467615954 109397
467725351 120424
467845775 152784
467998559 82309
468080868 78782
468159650 87093
468246743 72236
468318979 126611
468445590 90636
468536226 88585
468624811 73326
468698137 61635
468759772 50467
468810239 145728
468955967 117880
469073847 78787
469152634 81158
469233792 136028
469369820 142750
469512570 122251
469634821 80393
469715214 70109
469785323 114073
469899396 105134
470004530 100675
470105205 91323
470196528 161424
470357952 89813
470447765 125563
470573328 99452
470672780 125973
470798753 152216
470950969 113388
471064357 102402
471166759 109439
471276198 70846
471347044 80556
471427600 87022
471514622 97373
471611995 125933
471737928 71569
471809497 141582
471951079 95656
472046735 72672
472119407 70491
472189898 157619
472347517 92329
472439846 99579
472539425 130541
472669966 107240
472777206 110504
472887710 136170
473023880 78864
473102744 124873
473227617 102817
473330434 107414
473437848 78737
473516585 137941
473654526 93756
473748282 102306
473850588 79681
473930269 150337
474080606 109137
474189743 77034
474266777 87841
474354618 70316
474424934 128700
474553634 77083
474630717 91417
474722134 98278
474820412 157122
474977534 122366
475099900 92950
475192850 106674
475299524 113332
475412856 142217
475555073 83014
475638087 75270
475713357 102275
475815632 116369
475932001 39332
475971333 92743
476064076 71183
476135259 97940
476233199 69621
476302820 94583
476397403 4858
476402261 77475
476479736 85786
476565522 89900
476655422 80483
476735905 156267
476892172 18533
476910705 126943
477037648 85392
477123040 74266
477197306 123001
477320307 95355
477415662 86207
477501869 101320
477603189 73223
477676412 68998
477745410 114885
477860295 75967
477936262 74780
478011042 52303
478063345 108378
478171723 135618
478307341 112891
478420232 71066
478491298 137675
478628973 83135
478712108 87529
478799637 38308
478837945 88040
478925985 73641
478999626 20028
479019654 98563
479118217 82624
479200841 116796
479317637 81060
479398697 149144
479547841 87046
479634887 92664
479727551 93629
479821180 82953
479904133 110470
480014603 118287
480132890 148939
480281829 62361
480344190 84997
480429187 81901
480511088 134055
480645143 124279
480769422 107398
480876820 106158
480982978 75828
481058806 10728
481069534 98071
481167605 90460
481258065 90518
481348583 67751
481416334 103527
481519861 82917
481602778 74899
481677677 128163
481805840 69475
481875315 67515
481942830 123781
482066611 109018
482175629 112666
482288295 81473
482369768 94893
482464661 128384
482593045 103436
482696481 80608
482777089 128517
482905606 101515
483007121 84522
483091643 111718
483203361 123310
483326671 110835
483437506 85607
483523113 92907
483616020 90185
483706205 79301
483785506 92222
483877728 117462
483995190 96482
484091672 76028
484167700 139450
484307150 104156
484411306 124311
484535617 85609
484621226 90894
484712120 121236
484833356 151499
484984855 86843
485071698 56081
485127779 74573
485202352 100685
485303037 144977
485448014 111887
485559901 92211
485652112 125216
485777328 139941
485917269 115753
486033022 67020
486100042 68486
486168528 122999
486291527 107235
486398762 87971
486486733 110280
486597013 88743
486685756 84354
486770110 119087
486889197 75507
486964704 122209
487086913 111254
487198167 79392
487277559 106445
487384004 119810
487503814 112911
487616725 141893
487758618 144430
487903048 124999
488028047 96010
488124057 98831
488222888 109278
488332166 119470
488451636 79107
488530743 89390
488620133 120159
488740292 126377
488866669 156896
489023565 132416
489155981 76565
489232546 137035
489369581 60380
489429961 87940
489517901 103435
489621336 110474
489731810 133444
489865254 103294
489968548 101579
490070127 84653
490154780 134672
490289452 94815
490384267 85959
490470226 91336
490561562 91132
490652694 92453
490745147 81218
490826365 66264
490892629 81721
490974350 130191
491104541 82191
491186732 73643
491260375 138836
491399211 115265
491514476 148745
491663221 80217
491743438 77193
491820631 125959
491946590 115137
492061727 155628
492217355 86282
492303637 146380
492450017 108577
492558594 102940
492661534 140506
492802040 113869
492915909 78176
492994085 99561
493093646 98430
493192076 107211
493299287 89973
493389260 82185
493471445 34592
493506037 33961
493539998 101280
493641278 78735
493720013 109547
493829560 99738
493929298 158682
494087980 88574
494176554 84638
494261192 84653
494345845 94566
494440411 75951
494516362 113715
494630077 88390
494718467 86311
494804778 116567
494921345 123825
495045170 82703
495127873 91368
495219241 84907
495304148 83434
495387582 79517
495467099 68878
495535977 80228
495616205 91506
495707711 124931
495832642 70348
495902990 112442
496015432 94254
496109686 77588
496187274 81074
496268348 139996
496408344 82963
496491307 81253
496572560 116165
496688725 95194
496783919 101433
496885352 79839
496965191 86800
497051991 138334
497190325 55593
497245918 102647
497348565 112541
497461106 88299
497549405 62308
497611713 86204
497697917 85222
497783139 87205
497870344 140427
498010771 91651
498102422 120995
498223417 70760
498294177 93345
498387522 83405
498470927 93209
498564136 93733
498657869 142130
498799999 105416
498905415 30639
498936054 90606
499026660 97819
499124479 137363
499261842 113619
499375461 89820
499465281 137854
499603135 126789
499729924 98360
499828284 106112
499934396 106329
500040725 99094
500139819 88595
500228414 94159
500322573 89670
500412243 83762
500496005 135040
500631045 75388
500706433 87271
500793704 154213
500947917 102558
501050475 101397
501151872 118586
501270458 148484
501418942 74730
501493672 117679
501611351 88080
501699431 92003
501791434 86541
501877975 82612
501960587 149497
502110084 94464
502204548 97937
502302485 111574
502414059 86491
502500550 68679
502569229 88678
502657907 75761
502733668 137312
502870980 80441
502951421 116021
503067442 105987
503173429 131627
503305056 75315
503380371 26763
503407134 150606
503557740 162794
503720534 89489
503810023 100197
503910220 977
503911197 122263
504033460 105095
504138555 79436
504217991 119872
504337863 64631
504402494 140178
504542672 74719
504617391 1377
504618768 95375
504714143 101308
504815451 85547
504900998 120831
505021829 127164
505148993 102601
505251594 136254
505387848 126889
505514737 87285
505602022 74718
505676740 120791
505797531 147783
505945314 130424
506075738 74003
506149741 80475
506230216 133927
506364143 122855
506486998 103342
506590340 98325
506688665 83474
506772139 92849
506864988 89779
506954767 104926
507059693 89567
507149260 80945
507230205 113055
507343260 112163
507455423 75771
507531194 91105
507622299 155745
507778044 83692
507861736 144653
508006389 86506
508092895 101334
508194229 82922
508277151 89078
508366229 110609
508476838 110213
508587051 116936
508703987 61968
508765955 99394
508865349 75184
508940533 82424
509022957 110621
509133578 81134
509214712 89343
509304055 61308
509365363 85717
509451080 100347
509551427 96764
509648191 88096
509736287 3063
509739350 136289
509875639 139717
510015356 77537
510092893 90274
510183167 96867
510280034 78293
510358327 12895
510371222 89804
510461026 75676
510536702 129833
510666535 123473
510790008 121873
510911881 116017
511027898 41820
511069718 84912
511154630 103708
511258338 115327
511373665 131950
511505615 63243
511568858 101574
511670432 50328
511720760 112562
511833322 102780
511936102 96472
512032574 100298
512132872 62523
512195395 132946
512328341 72627
512400968 137181
512538149 123425
512661574 56120
512717694 101134
512818828 113644
512932472 27428
512959900 98096
513057996 103980
513161976 145542
513307518 77932
513385450 124955
513510405 93590
513603995 140719
513744714 119196
513863910 105145
513969055 88422
514057477 104457
514161934 98751
514260685 81371
514342056 74619
514416675 104696
514521371 76824
514598195 61375
514659570 97994
514757564 118214
514875778 115265
514991043 88035
515079078 131866
515210944 83749
515294693 57860
515352553 91509
515444062 145152
515589214 128212
515717426 106030
515823456 80446
515903902 88674
515992576 84466
516077042 132785
516209827 79301
516289128 98903
516388031 87267
516475298 81487
516556785 111821
516668606 76398
516745004 106342
516851346 114770
516966116 25026
516991142 93968
517085110 81114
517166224 78903
517245127 124886
517370013 73471
517443484 142694
517586178 154956
517741134 89292
517830426 88741
517919167 121432
518040599 77897
518118496 94982
518213478 108080
518321558 87823
518409381 85701
518495082 119941
518615023 83079
518698102 79479
518777581 83029
518860610 119800
518980410 130100
519110510 77341
519187851 90514
519278365 48958
519327323 114505
519441828 85709
519527537 104682
519632219 84347
519716566 80599
519797165 135230
519932395 86621
520019016 72366
520091382 79951
520171333 105816
520277149 107192
520384341 94352
520478693 103195
520581888 76569
520658457 116213
520774670 108773
520883443 121107
521004550 82525
521087075 86363
521173438 15137
521188575 112996
521301571 8769
521310340 108492
521418832 163727
521582559 123422
521705981 89450
521795431 149834
521945265 138384
522083649 156565
522240214 83634
522323848 79201
522403049 149058
522552107 119424
522671531 104681
522776212 138762
522914974 150917
523065891 117059
523182950 977
523183927 115809
523299736 70266
523370002 131784
523501786 81397
523583183 67611
523650794 113486
523764280 122105
523886385 117044
524003429 91861
524095290 79178
524174468 128887
524303355 69785
524373140 151897
524525037 107010
524632047 112497
524744544 92404
524836948 76631
524913579 124864
525038443 139071
525177514 79214
525256728 90757
525347485 86021
525433506 108768
525542274 71573
525613847 99563
525713410 126389
525839799 76817
525916616 99541
526016157 71589
526087746 45351
526133097 90924
526224021 104743
526328764 82560
526411324 111823
526523147 92181
526615328 140462
526755790 134971
526890761 114039
527004800 90869
527095669 81081
527176750 104586
527281336 24168
527305504 99088
527404592 77335
527481927 77806
527559733 101147
527660880 125585
527786465 93385
527879850 38299
527918149 93128
528011277 110428
528121705 99872
528221577 123477
528345054 67901
528412955 76308
528489263 76261
528565524 106339
528671863 81895
528753758 79598
528833356 127659
528961015 82738
529043753 104241
529147994 86738
529234732 151065
529385797 95507
529481304 85361
529566665 76315
529642980 83286
529726266 144763
529871029 47611
529918640 80028
529998668 157832
530156500 82662
530239162 85974
530325136 56773
530381909 80590
530462499 60483
530522982 84556
530607538 126810
530734348 132930
530867278 129892
530997170 131880
531129050 144562
531273612 88314
531361926 116158
531478084 84319
531562403 71169
531633572 72628
531706200 94039
531800239 136151
531936390 18386
531954776 127165
532081941 94535
532176476 126500
532302976 138418
532441394 118382
532559776 115909
532675685 123550
532799235 72228
532871463 99707
532971170 97846
533069016 89942
533158958 93544
533252502 109780
533362282 100157
533462439 73422
533535861 128606
533664467 112339
533776806 78866
533855672 128192
533983864 78534
534062398 107496
534169894 100626
534270520 99201
534369721 116204
534485925 111809
534597734 122129
534719863 131669
534851532 22320
534873852 117675
534991527 110814
535102341 84287
535186628 97591
535284219 79073
535363292 95527
535458819 126865
535585684 140839
535726523 71225
535797748 147819
535945567 104466
536050033 29781
536079814 977
536080791 113849
536194640 99231
536293871 114552
536408423 93167
536501590 72919
536574509 119898
536694407 150786
536845193 82258
536927451 106502
537033953 119331
537153284 127155
537280439 87572
537368011 93754
537461765 122725
537584490 41698
537626188 114621
537740809 124603
537865412 103236
537968648 95519
538064167 60377
538124544 93690
538218234 71891
538290125 86194
538376319 96035
538472354 66321
538538675 145597
538684272 76699
538760971 64380
538825351 122266
538947617 76818
539024435 77216
539101651 137522
539239173 106145
539345318 75613
539420931 77700
539498631 129861
539628492 103162
539731654 76264
539807918 81142
539889060 151361
540040421 120390
540160811 122786
540283597 100686
540384283 116527
540500810 114238
540615048 137759
540752807 120763
540873570 137659
541011229 115584
541126813 144230
541271043 155843
541426886 92620
541519506 65469
541584975 90485
541675460 111795
541787255 85191
541872446 75021
541947467 16127
541963594 140421
542104015 92986
542197001 134051
542331052 102565
542433617 88811
542522428 82186
542604614 88788
542693402 114318
542807720 9490
542817210 115984
542933194 93454
543026648 77765
543104413 105540
543209953 75369
543285322 93717
543379039 74136
543453175 69465
543522640 124310
543646950 87095
543734045 89615
543823660 103123
543926783 102858
544029641 101068
544130709 133131
544263840 94551
544358391 99435
544457826 92155
544549981 125250
544675231 129385
544804616 134743
544939359 95713
545035072 101265
545136337 106869
545243206 118241
545361447 78630
545440077 112826
545552903 85559
545638462 48700
545687162 85181
545772343 97629
545869972 118069
545988041 119332
546107373 83332
546190705 106075
546296780 106916
546403696 156408
546560104 114971
546675075 26187
546701262 95552
546796814 90686
546887500 117236
547004736 76154
547080890 65660
547146550 89325
547235875 91573
547327448 120494
547447942 136668
547584610 50767
547635377 80179
547715556 128099
547843655 83798
547927453 78825
548006278 98636
548104914 95241
548200155 96113
548296268 81329
548377597 100029
548477626 83469
548561095 71959
548633054 80704
548713758 92650
548806408 84691
548891099 96667
548987766 133929
549121695 80801
549202496 80805
549283301 109276
549392577 90615
549483192 70455
549553647 120345
549673992 96718
549770710 88162
549858872 134698
549993570 114931
550108501 91508
550200009 89214
550289223 115133
550404356 94993
550499349 99060
550598409 151956
550750365 99059
550849424 122264
550971688 85721
551057409 118634
551176043 116653
551292696 160883
551453579 91954
551545533 105735
551651268 119445
551770713 89233
551859946 90500
551950446 106015
552056461 95950
552152411 125286
552277697 98400
552376097 122001
552498098 83625
552581723 78383
552660106 140935
552801041 68058
552869099 132662
553001761 125501
553127262 90686
553217948 113623
553331571 74040
553405611 103158
553508769 68896
553577665 115340
553693005 78738
553771743 126903
553898646 79993
553978639 91305
554069944 130883
554200827 93622
554294449 86617
554381066 88785
554469851 107641
554577492 113330
554690822 78017
554768839 83494
554852333 95856
554948189 92492
555040681 89045
555129726 129030
555258756 89084
555347840 94597
555442437 90538
555532975 101578
555634553 114250
555748803 118341
555867144 77392
555944536 114836
556059372 88694
556148066 77433
556225499 103619
556329118 103607
556432725 94537
556527262 79159
556606421 116051
556722472 72651
556795123 72958
556868081 99914
556967995 126261
557094256 71549
557165805 102649
557268454 97001
557365455 128924
557494379 28304
557522683 125550
557648233 136155
557784388 134054
557918442 90131
558008573 89602
558098175 90662
558188837 69775
558258612 91122
558349734 81419
558431153 91188
558522341 146528
558668869 107652
558776521 78586
558855107 147707
559002814 110219
559113033 80450
559193483 82422
559275905 90998
559366903 87924
559454827 85702
559540529 91212
559631741 138904
559770645 78246
559848891 112818
559961709 95927
560057636 81872
560139508 90300
560229808 98229
560328037 87213
560415250 106996
560522246 104946
560627192 126212
560753404 133938
560887342 79708
560967050 83471
561050521 105631
561156152 138297
561294449 108297
561402746 99915
561502661 117419
561620080 118653
561738733 115074
561853807 138765
561992572 72850
562065422 96051
562161473 92908
562254381 111282
562365663 88041
562453704 141705
562595409 85015
562680424 84818
562765242 126304
562891546 84577
562976123 89351
563065474 113004
563178478 77602
563256080 123122
563379202 108313
563487515 2085
563489600 111536
563601136 46020
563647156 95149
563742305 84955
563827260 84624
563911884 79059
563990943 108764
564099707 108829
564208536 105138
564313674 141313
564454987 97320
564552307 101823
564654130 104690
564758820 107057
564865877 131347
564997224 66052
565063276 111172
565174448 38037
565212485 140258
565352743 83911
565436654 144198
565580852 138236
565719088 97742
565816830 128104
565944934 98953
566043887 95137
566139024 95890
566234914 75492
566310406 98166
566408572 110310
566518882 67683
566586565 74999
566661564 106710
566768274 81957
566850231 151354
567001585 103419
567105004 84009
567189013 98997
567288010 140274
567428284 115158
567543442 92382
